41.49
42.5
43.38
44.33
45.52
46.64
47.84
48.99
50
51.09
52.08
52.96
53.83
54.65
55.67
56.6
57.43
58.16
58.83
59.58
60.49
61.24
61.58
62.13
62.4
62.57
62.83
63.07
63.45
63.88
64.33
64.63
64.9
65.36
65.93
66.45
67.15
67.92
68.45
69.18
70.01
70.48
71.17
72.2
72.77
73.36
74.39
75.12
75.67
76.36
76.84
77.45
78.19
78.79
79.41
79.95
80.48
80.97
81.51
81.97
82.5
83.03
83.45
83.93
84.47
84.95
85.16
85.54
85.96
86.06
86.49
86.86
86.94
87.22
87.46
87.55
87.66
88.06
88.45
88.84
89.37
89.69
90.39
90.96
91.25
92.23
92.54
92.84
93.59
94.12
94.51
94.95
95.75
95.93
96.44
96.86
97.42
98.13
98.62
99.07
99.45
100.11
100.91
101.34
101.76
102.55
103.1
103.13
103.68
104.5
105.06
106.09
107.16
108.3
109.1
108.48
108.21
108.49
108.69
108.93
109.44
110.13
110.53