1.41	NaN	133.93	92.10	88.27	157.34	7.98	4.68	94.03	NaN
1.39	NaN	131.87	91.00	88.87	152.57	7.17	4.99	93.64	NaN
1.42	NaN	120.53	91.13	83.23	165.33	7.27	4.91	100.24	NaN
1.34	NaN	143.47	95.73	98.23	161.16	7.82	4.77	104.47	NaN
1.23	NaN	137.13	97.73	101.67	148.01	8.04	4.68	105.36	NaN
1.12	NaN	121.40	99.77	103.13	136.13	8.66	4.66	107.22	NaN
1.03	NaN	119.47	101.57	108.40	121.83	9.77	4.70	102.91	NaN
1.09	NaN	125.33	92.33	104.50	122.89	9.40	4.94	99.81	NaN
1.04	NaN	111.37	96.73	101.77	120.70	9.95	4.79	103.34	NaN
1.00	NaN	118.73	94.63	107.80	118.86	9.93	4.80	105.68	NaN
0.95	NaN	116.27	95.13	110.67	107.64	9.51	5.03	101.89	NaN
0.93	NaN	114.43	94.30	110.23	112.25	10.09	4.73	109.58	NaN
0.95	NaN	102.77	97.20	101.23	126.90	11.04	4.26	121.99	NaN
0.91	NaN	104.20	108.93	108.77	139.56	13.00	3.65	141.45	NaN
0.86	NaN	106.83	122.03	117.60	138.24	13.23	3.54	149.98	NaN
0.84	NaN	102.13	126.17	116.73	140.43	13.58	3.48	155.89	NaN
0.83	NaN	103.30	128.70	119.00	151.76	13.82	3.25	170.63	NaN
0.82	NaN	103.37	129.77	120.13	151.66	12.28	3.40	171.26	NaN
0.77	NaN	99.53	127.33	122.73	140.78	11.46	3.64	170.82	NaN
0.73	NaN	96.93	127.77	124.97	144.73	12.12	3.45	183.83	NaN
0.68	NaN	96.83	131.33	132.13	149.09	12.62	3.18	201.63	NaN
0.73	NaN	94.93	123.40	122.80	169.41	11.70	3.12	219.53	NaN
0.78	NaN	95.60	109.93	112.70	195.39	12.25	3.06	237.08	NaN
0.85	NaN	99.03	106.43	107.73	241.84	13.73	2.79	269.56	NaN
0.92	NaN	59.43	106.23	77.87	308.74	16.34	2.46	315.13	NaN
0.96	NaN	43.73	99.13	63.63	360.99	17.16	2.27	356.23	NaN
1.01	NaN	44.13	90.40	59.33	382.57	16.68	2.40	354.24	NaN
1.04	NaN	52.17	87.60	62.10	400.86	17.03	2.38	360.25	NaN
1.12	NaN	62.57	80.37	62.33	419.69	15.43	2.48	351.67	NaN
1.15	NaN	64.67	83.30	62.87	434.46	15.93	2.47	358.35	NaN
1.13	NaN	66.97	87.60	66.47	446.91	17.39	2.39	374.51	NaN
1.21	NaN	62.40	89.07	62.47	377.92	13.78	3.08	296.05	NaN
1.23	NaN	55.40	93.17	60.27	360.81	13.00	3.24	277.62	NaN
1.22	NaN	56.00	106.13	65.47	378.87	13.16	3.08	297.05	NaN
1.11	NaN	49.43	112.70	67.43	373.03	13.17	2.98	319.73	NaN
1.17	NaN	46.27	108.67	63.27	418.28	12.93	2.85	340.54	NaN
1.13	NaN	59.27	113.70	72.70	428.15	13.12	2.72	360.43	NaN
1.07	NaN	63.70	113.13	76.53	434.55	13.14	2.68	381.19	NaN
1.08	NaN	61.13	106.17	72.83	479.11	13.27	2.64	416.92	NaN
1.13	NaN	65.37	98.53	70.73	501.76	12.66	2.72	415.26	NaN
1.21	NaN	67.53	91.13	66.90	555.89	12.75	2.69	430.85	NaN
1.22	NaN	58.00	93.80	63.03	579.37	13.39	2.70	441.69	NaN
1.30	NaN	87.90	89.93	73.13	563.89	12.39	3.07	408.52	NaN
1.37	NaN	105.87	81.63	75.90	518.48	10.95	3.51	356.99	NaN
1.34	NaN	67.37	79.90	59.73	522.98	11.13	3.41	371.27	NaN
1.19	NaN	64.77	85.57	64.57	510.23	13.64	3.13	407.34	NaN
1.18	NaN	68.33	83.40	65.87	493.10	13.04	3.29	397.42	NaN
1.25	NaN	69.93	77.77	62.40	507.53	12.87	3.40	383.57	NaN
1.26	NaN	61.23	77.53	58.13	534.87	13.84	3.24	402.75	NaN
1.27	NaN	69.03	78.30	61.63	544.88	13.80	3.22	408.29	NaN
1.39	NaN	70.47	73.17	57.47	533.11	11.84	3.62	366.76	NaN
1.27	NaN	66.93	74.90	59.23	481.22	12.66	3.65	365.81	NaN
1.19	110.92	63.47	76.00	59.80	494.89	14.97	3.32	404.08	NaN
1.21	108.77	63.97	74.90	59.00	521.16	15.46	3.15	421.58	NaN
1.15	104.40	57.47	79.87	59.17	540.35	16.72	2.78	460.95	NaN
1.14	103.98	53.60	80.70	57.67	579.10	18.17	2.56	500.83	NaN
1.13	104.17	48.50	87.63	57.77	608.13	17.85	2.47	534.30	NaN
1.16	106.09	56.60	90.90	62.00	620.23	17.31	2.54	525.41	NaN
1.23	108.80	60.43	96.47	64.10	634.33	16.17	2.64	509.80	NaN
1.24	108.19	58.63	100.30	64.40	618.14	15.24	2.69	493.48	NaN
1.27	109.22	60.37	101.27	65.17	623.77	14.04	2.77	487.89	10.44
1.33	110.40	63.73	96.00	63.57	670.55	13.46	2.80	503.19	10.38
1.31	111.20	57.87	94.63	61.27	695.02	13.99	2.79	525.14	10.41
1.32	112.14	59.50	94.23	61.63	680.83	13.68	2.91	511.88	10.46
1.29	111.22	62.87	93.40	63.47	718.85	14.59	2.73	550.35	10.61
1.25	109.18	67.40	94.93	66.83	747.50	15.11	2.64	585.96	10.65
1.27	110.19	72.50	89.27	66.67	752.86	14.80	2.79	580.69	10.61
1.26	108.23	81.50	87.60	70.43	795.64	15.95	2.58	623.20	10.62
1.18	103.52	74.60	98.70	73.73	844.29	18.04	2.26	713.72	10.67
1.14	100.25	65.93	105.97	72.90	886.88	18.27	2.17	776.04	10.62
1.09	96.39	66.03	105.50	74.40	954.82	19.88	1.95	877.49	10.51
1.12	99.57	67.13	99.23	71.80	965.64	18.91	2.02	864.26	10.48
1.09	97.80	50.73	96.40	63.03	1077.26	20.86	1.84	1000.25	10.30
1.10	99.00	48.57	91.67	59.97	1290.30	22.85	1.71	1181.44	10.20
1.12	101.21	46.67	85.23	56.17	1269.39	21.47	1.86	1143.99	10.01
1.18	103.41	42.77	78.10	50.23	1222.22	19.48	2.02	1039.88	9.87
1.12	100.00	41.87	78.57	51.17	1308.50	21.48	1.83	1166.22	9.63
1.06	96.25	57.33	82.33	62.13	1283.40	21.59	1.88	1214.48	9.47
1.05	94.95	73.03	84.57	71.67	1295.55	21.77	1.91	1235.28	9.26
1.04	92.97	83.60	88.53	79.23	1385.09	23.42	1.81	1338.09	9.03
0.99	89.66	93.30	96.07	89.93	1576.09	25.94	1.51	1599.29	8.78
0.93	86.81	94.53	99.30	95.17	1510.81	23.73	1.62	1618.43	8.54
0.91	85.58	105.50	100.93	104.87	1468.19	22.60	1.72	1621.39	8.36
0.87	83.86	105.43	103.57	109.17	1324.73	21.34	1.83	1524.38	8.15
0.92	88.23	92.40	97.03	95.07	1297.05	19.01	1.95	1404.55	8.04
0.87	85.57	94.80	96.70	100.40	1186.62	18.67	2.11	1358.72	8.01
0.89	86.79	90.00	90.23	93.80	1052.13	16.08	2.55	1183.85	8.02
0.90	87.26	69.10	86.67	78.37	1009.14	15.71	2.65	1127.71	8.13
0.88	86.74	74.30	91.57	84.10	1021.72	16.49	2.51	1164.69	8.20
0.92	88.72	89.27	90.33	90.43	1028.92	15.66	2.61	1121.87	8.36
0.98	91.92	94.90	89.40	88.80	882.40	12.71	3.25	896.69	8.51
1.00	92.96	93.37	90.07	87.40	835.79	12.05	3.33	834.85	8.65
1.07	97.53	109.47	88.13	91.47	830.20	11.56	3.57	774.16	8.81
1.14	101.95	92.80	83.77	78.03	930.55	12.75	3.37	818.38	8.82
1.12	101.72	100.00	84.70	82.87	1002.30	13.65	3.08	890.14	8.85
1.19	103.75	103.20	88.10	83.27	1119.21	14.22	2.94	938.59	8.90
1.25	106.15	112.47	94.93	88.77	1264.51	15.56	2.81	1011.45	8.95
1.20	103.60	125.33	99.10	100.23	1219.24	15.16	2.96	1011.88	9.00
1.22	104.12	141.97	93.87	105.33	1215.43	13.92	3.22	994.35	9.04
1.30	106.47	150.63	90.47	103.30	1373.92	14.02	3.11	1057.69	9.06
1.31	106.25	162.83	98.47	109.73	1489.13	14.50	2.62	1136.04	9.08
1.26	104.28	180.90	101.80	122.63	1453.21	14.14	2.84	1154.98	9.07
1.22	102.68	211.73	104.80	140.47	1529.59	14.99	2.66	1253.92	8.99
1.19	101.49	199.43	111.43	138.27	1545.30	15.35	2.59	1300.30	8.88
1.20	101.71	215.20	122.97	149.70	1729.90	16.37	2.38	1438.65	8.77
1.26	103.96	241.03	130.47	159.87	1824.89	15.26	2.66	1451.42	8.50
1.27	104.62	242.20	132.20	158.90	1850.99	14.58	2.75	1452.41	8.22
1.29	104.37	208.30	135.93	143.13	2051.14	15.37	2.56	1589.88	8.01
1.31	105.02	201.80	140.17	140.83	2207.23	15.73	2.49	1684.11	7.73
1.35	106.47	233.77	145.63	154.13	2412.52	16.10	2.54	1788.99	7.53
1.37	106.66	259.23	140.87	162.37	2382.69	15.15	2.67	1733.46	7.47
1.45	109.04	309.13	136.23	176.67	2501.76	13.46	2.75	1728.17	7.37
1.50	110.54	336.77	154.47	192.10	2243.43	11.73	3.25	1498.11	7.24
1.56	112.95	427.20	156.23	223.10	2307.79	11.72	3.49	1477.21	7.40
1.51	110.51	407.80	152.57	223.07	1928.03	10.29	4.15	1281.51	7.60
1.32	106.44	195.50	123.70	137.53	1253.69	7.86	5.74	948.71	8.05
1.30	109.20	155.37	112.73	114.57	1088.97	7.52	6.46	833.84	8.82
1.36	110.21	209.33	119.13	134.93	1243.27	11.03	5.57	911.89	9.36
1.43	110.88	241.03	123.63	145.33	1450.27	14.78	4.32	1013.06	9.70
1.48	112.17	266.27	129.83	154.33	1617.28	18.24	3.85	1095.22	9.85
1.38	106.93	271.83	143.37	170.87	1521.33	18.31	3.61	1099.24	9.93
1.27	101.77	276.67	170.80	193.40	1374.48	15.64	3.56	1077.62	10.05
1.29	100.92	267.37	182.63	190.53	1381.36	14.27	3.52	1068.04	NaN