NaN	NaN	NaN	NaN	NaN	NaN	NaN	NaN	NaN	NaN	NaN	NaN
528996.45	1197078.49	1220359.27	1220359.27	1239393.22	NaN	NaN	NaN	NaN	NaN	NaN	NaN
539989.51	1224202.97	1248226.31	1248226.31	1271321.67	NaN	NaN	NaN	NaN	NaN	NaN	NaN
549822.09	1254906.95	1280519.41	1280519.41	1306711.6	NaN	NaN	NaN	NaN	NaN	NaN	NaN
556073.52	1287357.85	1316195.86	1316195.86	1348477.79	NaN	NaN	NaN	NaN	NaN	NaN	NaN
564249.85	1319572.71	1354484.25	1354484.25	1385610.53	0.109780055	0.108468976	NaN	NaN	NaN	NaN	NaN
569289.03	1344494.52	1383941.94	1383941.94	1418941.44	0.121687294	0.119538109	NaN	NaN	NaN	NaN	NaN
577733.92	1373446.69	1416149.81	1416149.81	1449891.93	0.104690728	0.103430865	NaN	NaN	NaN	NaN	-2.09005
588597.48	1410475.99	1455785.29	1455785.29	1483416.21	0.086297066	0.086175451	NaN	NaN	NaN	NaN	-2.273948
603063.61	1450897.76	1496248.96	1496248.96	1517258.67	0.065843294	0.066894502	NaN	NaN	NaN	NaN	-1.764364
617813.48	1488719.52	1539403.38	1539403.38	1554285.63	0.058531462	0.060432901	NaN	NaN	NaN	NaN	-0.349385
632713.51	1522271.58	1575818.21	1575818.21	1588329.98	0.063191482	0.064763478	NaN	NaN	NaN	NaN	0.303475
649960.12	1559804.22	1616401.07	1616401.07	1621411.38	0.065523215	0.066743161	NaN	NaN	NaN	NaN	0.29305
666318.32	1591385.87	1647625.89	1647625.89	1655653.22	0.058031259	0.059126663	NaN	NaN	NaN	NaN	-0.168221
682771.13	1625649.69	1683861.33	1683861.33	1694538.27	0.064601001	0.064778287	NaN	NaN	NaN	NaN	-0.236818
693202.52	1657331.94	1719407.52	1719407.52	1733879.35	0.068642632	0.068322643	NaN	NaN	NaN	NaN	-0.175192
705393.17	1686886.2	1753822.92	1753822.92	1770084.58	0.061742099	0.061417352	NaN	NaN	NaN	NaN	-1.535253
715795.86	1718321.02	1787288.31	1787288.31	1805932.32	0.054445587	0.054480201	NaN	NaN	NaN	NaN	-0.840172
728652.72	1756361.53	1828544.98	1828544.98	1844451.68	0.046407844	0.046930309	NaN	NaN	NaN	NaN	0.895133
743706.12	1793164.49	1866617.07	1866617.07	1880547.92	0.041199856	0.041945917	NaN	NaN	NaN	NaN	-0.234592
763326.22	1834083.87	1911578.84	1911578.84	1916763.14	0.049296017	0.049694317	NaN	NaN	NaN	NaN	1.007029
771409.83	1866304.23	1948585.04	1948585.04	1954536.45	0.053119171	0.053205452	NaN	NaN	NaN	NaN	0.630765
785053.05	1891716	1977998.23	1977998.23	1983917.22	0.044436821	0.044489737	NaN	NaN	NaN	NaN	-0.450604
803368.13	1918422.27	2007605.62	2007605.62	2014256.28	0.036164876	0.036291715	NaN	NaN	NaN	NaN	-0.548662
819390.28	1945479.63	2038455.97	2038455.97	2046003.63	0.028160188	0.028168311	NaN	NaN	NaN	NaN	-2.1058
842568.24	1972124.93	2068692.21	2068692.21	2077976.13	0.018631637	0.018878371	NaN	NaN	NaN	NaN	-2.516342
857451.88	2005604.3	2102722.78	2102722.78	2111898.44	0.021805031	0.021854981	NaN	NaN	NaN	NaN	-1.792535
875818.66	2047059.97	2147258	2147258	2143509.41	0.032713951	0.032381747	NaN	NaN	NaN	NaN	-1.050222
891279.71	2081451.12	2185043.29	2185043.29	2183085.67	0.035801544	0.035337554	NaN	NaN	NaN	NaN	-2.285062
913202.73	2120877.58	2233049.71	2233049.71	2222137.17	0.048160753	0.04728696	NaN	NaN	NaN	NaN	-0.538853
929914.89	2153730.13	2275795.95	2275795.95	2258111.51	0.051371934	0.050396179	NaN	NaN	NaN	NaN	0.233906
945647.81	2186017.34	2322712.98	2322712.98	2301972	0.047191576	0.046386256	NaN	NaN	NaN	NaN	0.665894
957936.09	2212117.44	2358183.82	2358183.82	2350487.4	0.032933647	0.032835728	NaN	NaN	NaN	NaN	0.829326
980146.53	2254658.54	2410481.49	2410481.49	2403077.09	0.028329165	0.028497452	NaN	NaN	NaN	NaN	0.81903
1001641.6	2297852.25	2461604.7	2461604.7	2456474.49	0.03578138	0.035582047	NaN	NaN	NaN	NaN	1.059246
1017927.33	2337995.87	2516040.85	2516040.85	2517420.45	0.041518452	0.041039211	NaN	NaN	NaN	NaN	0.611004
1034102.03	2374939.2	2565471.89	2565471.89	2589904.97	0.063628868	0.062029088	NaN	NaN	NaN	NaN	1.23855
1051925.6	2420435.59	2628653.06	2628653.06	2660329.08	0.066770549	0.065145184	NaN	NaN	NaN	NaN	1.662557
1076672.41	2473843.14	2697949.58	2697949.58	2729501.57	0.068365139	0.066994944	NaN	NaN	NaN	NaN	1.424201
1093982.98	2511424.26	2751465.32	2751465.32	2800753.44	0.070700766	0.069095079	NaN	NaN	NaN	NaN	1.826997
1117672.06	2557572.29	2822918.36	2822918.36	2878152.31	0.067870229	0.066902417	NaN	NaN	NaN	NaN	0.910002
1125131.3	2581112.27	2865494.68	2865494.68	2932548.9	0.053074839	0.052532534	NaN	NaN	NaN	NaN	0.106938
1147447.44	2621410.46	2924691.2	2924691.2	2986027.6	0.044944674	0.044658156	NaN	NaN	NaN	NaN	0.282992
1162684.18	2662123.63	2986646.34	2986646.34	3037801.99	0.044073686	0.044030086	NaN	NaN	NaN	NaN	1.133026
1176349.5	2699331.42	3047365.93	3047365.93	3098234.21	0.039977264	0.039956235	NaN	NaN	NaN	NaN	0.548602
1185049.97	2733171.06	3095067.7	3095067.7	3159223.73	0.043710909	0.043605946	NaN	NaN	NaN	NaN	-0.68619
1197241.58	2770618.26	3156197	3156197	3224765.55	0.045668894	0.04550158	NaN	NaN	NaN	NaN	-0.439623
1204700.8	2809633.21	3218942.14	3218942.14	3286064.32	0.043365719	0.04337855	NaN	NaN	NaN	NaN	-0.835435
1210852.2	2842159.87	3269383.34	3269383.34	3353062.09	0.040845783	0.040837983	2.877683401	7.506441696	6.626624651	7.9730667	-0.82174
1229810	2888004.17	3344104.82	3344104.82	3414717.46	0.055493888	0.055107109	3.651061296	8.070769092	6.535327058	7.6973613	0.332623
1235555.16	2921040.87	3406387.85	3406387.85	3471889.59	0.062481221	0.061670909	3.61995244	8.159731014	6.379631784	7.5616234	1.892146
1257769.14	2966537.61	3459924.09	3459924.09	3527719.5	0.053169535	0.052762053	4.489566803	7.068313131	6.171635041	7.2121686	1.565694
1266105.56	2994363.07	3513769.36	3513769.36	3573851.31	0.046805951	0.046848809	4.693180561	7.182759436	5.935760189	6.9246534	2.064361
1281387.86	3052266.9	3573384.07	3573384.07	3614701.09	0.029985328	0.030761476	4.287382126	6.642894606	5.701435893	6.717998	1.090053
1298873.38	3096035.51	3625340.77	3625340.77	3659049.85	0.014650707	0.01615742	4.460041046	5.878695751	5.496137874	6.3871415	0.139681
1330920.89	3152407.66	3685898.85	3685898.85	3694851.82	0.01772522	0.019095794	5.264898777	7.113295159	5.341148671	6.2130391	0.652722
1370445.95	3225106.92	3743187.27	3743187.27	3724868.03	0.021854421	0.022943863	7.008533478	7.210912356	5.250185	6.0828078	-0.138575
1389696.67	3267715.49	3774905.6	3774905.6	3752906.81	0.022761276	0.023232239	6.856228828	5.936768466	5.229252771	5.9320437	-0.665565
1401331.76	3290292.11	3797710.61	3797710.61	3788369.53	0.019004864	0.019141836	6.981019497	4.888663099	5.27586824	5.6835316	-1.169695
1408460.14	3297745.37	3812032.23	3812032.23	3835256.67	0.008974514	0.008890992	5.54205513	2.502498345	5.377217735	5.465574	-3.178139
1414810.9	3302960.16	3834404.36	3834404.36	3875555.55	0.004053492	0.00362764	3.920416117	1.465209109	5.508867439	5.1678661	-3.783326
1426393.4	3331616.95	3869912.84	3869912.84	3934384.07	0.005852103	0.005312296	3.965904474	2.419966498	5.636732866	4.939924	-3.565324
1442389.82	3372242.89	3923555.51	3923555.51	3982634.55	0.008397272	0.008136283	4.357620716	3.719594037	5.724120939	4.7925412	-2.338211
1465832.88	3423115.05	3986044.89	3986044.89	4033278.52	0.017720165	0.017580856	5.372009277	6.077309129	5.742946134	4.6582354	-0.223168
1492966.25	3473792.26	4055096.53	4055096.53	4088127.62	0.020110493	0.020485616	6.202527046	6.699639986	5.685133104	4.5475144	-0.017411
1512488.74	3511578.71	4092049.67	4092049.67	4138509.49	0.016101784	0.016669821	6.764904976	6.433473129	5.568686625	4.3993784	0.440308
1538264.46	3556206.15	4131447.34	4131447.34	4192671.46	0.014819483	0.015151779	6.957556248	5.487101913	5.434228295	4.2351753	0.5772
1582851.25	3603057.91	4173405.3	4173405.3	4252834.52	0.007724645	0.008092518	7.024666309	3.903979684	5.331752437	4.2387499	-0.217852
1618988.59	3643662.82	4208761.11	4208761.11	4332120.23	0.004593744	0.004554414	6.940377235	3.386226755	5.302158892	4.3146616	-0.789784
1636406.14	3664412.44	4248142.31	4248142.31	4398166.98	0.006283045	0.006100957	7.062776566	2.880315361	5.361278927	4.4428314	-0.181906
1681946.95	3710722.28	4311273.71	4311273.71	4476491.52	0.011582972	0.011344219	7.719444275	2.794329586	5.493741414	4.712106	-0.790997
1718722.54	3753445.31	4361147.29	4361147.29	4558868.35	0.015766272	0.015307169	6.956990719	2.360568133	5.659963717	4.8620574	-0.599235
1743452.91	3791887.06	4402857.28	4402857.28	4659633.25	0.01451498	0.014164834	7.360424995	2.242959361	5.813570634	4.9050569	-0.083801
1795928.92	3852840.55	4465515.65	4465515.65	4750218.92	0.018895048	0.018540483	8.274755478	2.606909695	5.92154205	4.8879089	-0.41538
1824027.5	3887075.09	4523654.08	4523654.08	4865914.27	0.015153347	0.014895297	6.913955688	1.546537994	5.977914725	4.8434535	0.016374
1866241.18	3944132.52	4578460.83	4578460.83	4983090.66	0.012509972	0.012435116	7.323320866	3.140209986	6.004768551	4.7076104	-0.147655
1969064.32	4065484.62	4629931.99	4629931.99	5126650.11	0.012780831	0.012783051	11.28617191	3.494909816	6.040173217	4.6727045	1.292169
2011573.21	4110593.36	4691543.82	4691543.82	5220675.38	0.009007824	0.009188216	9.664723396	3.533702617	6.118869474	4.7384981	2.148631
2063166.26	4170340.63	4763625.36	4763625.36	5362457.74	0.013326753	0.013386605	10.31179142	4.854493108	6.254736392	4.8516523	2.486471
2093322.38	4206628.66	4813071.54	4813071.54	5481460.2	0.019858608	0.019413677	9.277029991	3.587323889	6.433006518	5.0326088	2.193791
2171136.64	4270678.3	4891893.84	4891893.84	5604649.41	0.028470681	0.027829655	6.061535358	3.017595272	6.615385214	5.1503688	1.240617
2202540.68	4310607.14	4951435.99	4951435.99	5748751.84	0.036593147	0.035407695	5.917930126	1.949382777	6.755176843	5.3503436	-0.187954
2206562.81	4337975.64	4976750.68	4976750.68	5870992.17	0.028388532	0.027131593	4.681927681	1.299860993	6.81519711	5.3457761	-0.968665
2212072.45	4364364.49	5008727.69	5008727.69	6009335.77	0.020217548	0.019290423	3.839238644	1.420226662	6.780617448	5.3914114	-1.20997
2228923.54	4404073.39	5081945.97	5080008.58	6120588.11	0.015765033	0.015435787	2.307754755	2.532804253	6.661947604	5.6101622	-2.324197
2258698.99	4464180.91	5164084.75	5134760.13	6225426.15	0.008498195	0.013928183	3.276295424	4.36719228	6.488289954	5.7451132	-1.214007
2297507.91	4537939.44	5270573.29	5203023.32	6309446.44	0.012772595	0.025724559	4.48060894	6.057915787	6.295209376	5.9388351	1.005298
2342904.56	4619874.4	5386161.15	5284056.92	6402708.45	0.015710771	0.035362315	6.110781193	5.928227378	6.113111148	6.1476045	2.159558
2377188.06	4695685.77	5471433.39	5369248.43	6471660.91	0.021230492	0.040052808	6.800755978	6.266942673	5.960550339	6.2204885	2.158897
2419083.15	4759625.88	5548495.55	5446351.36	6573867.85	0.027654655	0.0407718	6.721894264	5.897852893	5.843656946	6.1661099	2.250717
2479113.55	4835076.17	5642830.35	5504101.3	6641683.74	0.027428158	0.039552467	7.021925449	5.439703157	5.759839926	6.2503161	1.780275
2552212.65	4930235.25	5762032.44	5573152.29	6708323.79	0.029004443	0.04308262	7.633675575	6.817804562	5.702668032	6.361855	1.682509
2615477.1	5029453.83	5891644.14	5661080.37	6791450.78	0.026539657	0.047663864	8.502364159	7.12163513	5.665587737	6.5595248	2.623962
2690680.64	5157426.06	6029114.78	5751387.07	6880756.03	0.025844446	0.054646871	9.654138565	7.177173683	5.643944043	6.8470796	2.259113
2761708.65	5248182.39	6117303.77	5828661.83	6964733.09	0.029069877	0.052723539	9.674351692	7.246667031	5.636150011	7.1103686	2.563137
2833939.11	5319283.7	6198223.23	5916223.35	7060036.18	0.033741811	0.047053822	9.21922493	6.499057249	5.644868463	7.1809019	1.74829
2902671.22	5387373.96	6269332.28	6000777.18	7159625.16	0.034412513	0.038214271	8.788909912	5.527724078	5.677925529	7.2190201	0.367319
2967041.6	5463993.11	6351869.29	6097966.57	7269905.16	0.036721462	0.030160861	7.641223907	5.552734346	5.74752262	7.1927246	-0.692378
3026168.73	5550535.64	6452401.55	6206087.97	7392621.6	0.04140325	0.031758827	8.047266006	5.503184453	5.866398781	7.1476049	0.273418
3098242.5	5658160.7	6569999.22	6306969.63	7538715.93	0.042384771	0.036452653	8.5187397	5.700789352	6.04129947	7.3186027	0.310727
3181248.59	5770334.35	6686629.01	6414172.01	7681743.79	0.045399991	0.042963345	9.232737541	5.945482922	6.266523464	7.4308934	0.503486
3258186.2	5875129.33	6800099.57	6490802.94	7818617.51	0.040589515	0.046126171	9.895899773	6.162234636	6.521710464	7.5602608	1.36348
3367129.2	6019745.35	6970119.25	6631127.13	8013070.83	0.04430839	0.055031028	10.78874874	6.182031038	6.776946314	7.6684064	1.403738
3436401.57	6137349.71	7080997.7	6772189.81	8212029.45	0.05105237	0.054465171	10.40235329	6.277724242	7.004635037	7.7980728	0.799108
3503510.95	6259058.19	7202198.04	6897748.02	8452682.64	0.055088649	0.05622066	9.857761383	6.417320342	7.193091403	7.8470948	1.458725
3585331.1	6416693.2	7391473.56	7079022.51	8695540.78	0.071613212	0.067669908	9.883863449	6.31659955	7.354127553	8.1265476	1.510128
3624012.04	6523765.76	7533896.94	7215425.4	8909501.19	0.07207123	0.06469191	8.186561584	6.582900716	7.518221727	8.4566193	1.054637
3667746.83	6664933.32	7716185.25	7390008.05	9129653	0.075970884	0.073852735	8.104473114	6.832512156	7.716378708	8.5471067	2.537061
3750153.82	6835819.58	7940953.18	7605274.64	9349975.87	0.08642886	0.08577718	8.061320305	6.933632808	7.955253405	8.8723577	3.014265
3808405.38	7009459.19	8178232.83	7832524.04	9606592.68	0.090577045	0.089973306	7.383558273	7.419810294	8.19764959	8.9179456	3.019745
3866247.57	7200478.65	8405776.51	8050449.03	9889349.89	0.10132648	0.10067235	7.304676056	7.599651276	8.360621643	8.7382324	3.687064
3886073.11	7386709.97	8651155.72	8285455.62	10144143.38	0.105770594	0.10525301	6.794176102	7.875128764	8.336989035	8.5669246	3.271679
3892075.57	7546179.08	8836659.98	8463118.28	10382975.35	0.095774338	0.0955297	6.120280266	8.509935918	8.035379094	8.2801148	2.304765
3900582.92	7723635.2	9012186.19	8631224.68	10620105.56	0.089832146	0.089460548	5.330807686	8.405293481	7.423812836	7.8872318	1.419466
3891142.73	7860133.45	9171548.76	8783850.7	10789187.89	0.078257122	0.078100675	4.664275169	8.371143204	6.557563233	7.5667238	0.832398
3990575.92	8044620.63	9359697.16	8964045.72	10884156.42	0.061990289	0.062425984	5.669178009	9.043781832	5.576430969	7.2847479	-0.175447
4099927.98	8095591.26	9372451.79	8976261.19	10856961.09	0.029131311	0.030471026	4.817964554	7.719072731	4.668525734	6.9409734	0.341429
4216099.87	8154959.65	9407271.6	9009609.11	10847057.57	0.008563239	0.010253998	4.282466888	6.355674508	4.012108506	6.4541356	1.342174
4364786.77	8211035.92	9417603.28	9019504.05	10832591.4	-0.008846484	-0.007057934	3.910484552	4.746610091	3.717415913	6.0898617	0.779753
4481092.41	8223961.15	9383735.26	8987067.69	10817659.56	-0.022521521	-0.021366787	2.056215048	1.981855951	3.791571204	5.5292603	-1.027514
4564676.59	8230427.41	9353427.56	8958041.15	10813861.1	-0.009235323	-0.00921696	1.435323358	1.192095499	4.140718791	4.8601138	-0.494873
4650800.57	8272620.42	9399021	9001707.28	10864403.43	-0.005299951	-0.00547714	1.147299528	1.136171564	4.608179776	4.4828561	-1.428038
4704607.33	8352487.94	9476498.16	9075909.33	10928163.93	0.004579139	0.004197979	1.303704023	1.606858424	5.032559331	4.0030395	-2.077625