5
5
5
5
5
5
1
5
5
5
5
5
5
5
5
5
5
5
5
5
5
5
5
5
5
5
5
5
5
5
5
5
5
5
5
5
2
2
2
2
2
2
2
5
5
5
5
5
1
2
1
5
5
5
5
5
5
5
5
5
5
1
5
5
5
5
6
5
6
6
6
6
6
5
1
6
6
5
5
5
2
2
2
2
1
2
2
2
2
2
2
1
1
1
1
1
1
1
5
5
5
5
5
5
5
5
5
5
5
5
5
5
5
1
5
5
5
5
5
1
5
5
5
5
5
5
5
5
5
5
5
5
5
5
5
5
5
5
1
5
5
5
5
5
6
6
6
6
6
6
6
6
6
6
6
6
6
6
6
6
6
6
6
6
6
6
6
6
6
5
5
5
5
5
5
5
5
5
1
5
5
5
5
5